4 0.11186126373626372 0.6987179487179486 0.2212774725274725 0.24358974358974358
2 0.09169173162642143 0.4820782290660404 0.04134393814882233 0.05798496385522982
2 0.09345104814339272 0.39575970332700583 0.03958462163185123 0.05930280394284808
2 0.1589855884005683 0.42607002534223926 0.08444719281461573 0.12519480832379098
3 0.11720182112250345 0.19322931266586604 0.1732926769216596 0.21660964879278383
1 0.279498769813093 0.43626612886557536 0.107318307535241 0.6266672759741813
0 0.4000119512256174 0.7001807635669597 0.10379967450129848 0.20426521358092242
1 0.3951738308039463 0.3255332471941726 0.09588275017492824 0.4501453328560954
2 0.5671470203378774 0.14842395224463537 0.19000618383288542 0.17970772122383585
4 0.8164113612190687 0.3057644878587508 0.34194951175195093 0.26245606330466775
2 0.7341198233822536 0.4932798698108001 0.15449532135769262 0.18581545235425734
4 0.5762834358033099 0.8230910393597216 0.21795945179024265 0.31272417668873165
3 0.5452847582153647 0.44686473497725737 0.17146143540832476 0.361360988735884
4 0.8454446281934349 0.7617857572892518 0.30873842889452463 0.27428605169109266
